rep	reponse	ind	year	year_1	Pop
39	1.629713664	0.0666633	P_Llop_2	2015	-0.081610224	POTA
41	2.474411492	0.35002262	P_Llop_2	2016	0.346836125	POTA
43	3.451706705	0.897873694	P_Llop_2	2017	3.556994046	POTA
45	-0.113811596	0.960521655	P_Llop_20	2015	-0.081610224	POTA
47	-1.665511329	0.929042021	P_Llop_20	2016	0.346836125	POTA
49	3.884778469	0.845073775	P_Llop_20	2017	3.556994046	POTA
51	-1.052119175	0.945854248	P_Llop_21	2015	-0.081610224	POTA
53	0.239133486	0.893710707	P_Llop_21	2016	0.346836125	POTA
55	3.084030614	0.502763019	P_Llop_21	2017	3.556994046	POTA
57	0.843576977	0.768365735	P_Llop_22	2015	-0.081610224	POTA
59	2.695486331	0.382894192	P_Llop_22	2016	0.346836125	POTA
61	3.957645586	0.843583351	P_Llop_22	2017	3.556994046	POTA
63	-1.665511329	0.929042021	P_Llop_24	2015	-0.081610224	POTA
65	-0.53461449	0.977612441	P_Llop_24	2016	0.346836125	POTA
67	3.446920891	0.941266689	P_Llop_24	2017	3.556994046	POTA
69	-0.885486853	0.942338581	P_Llop_25	2015	-0.081610224	POTA
71	-1.665511329	0.929042021	P_Llop_25	2016	0.346836125	POTA
73	2.543602903	0.28109049	P_Llop_25	2017	3.556994046	POTA
75	-0.685871018	0.924991003	P_Llop_26	2015	-0.081610224	POTA
77	-1.055085958	0.95514054	P_Llop_26	2016	0.346836125	POTA
79	4.388421023	0.646339113	P_Llop_26	2017	3.556994046	POTA
81	-0.030657005	0.873181934	P_Llop_27	2015	-0.081610224	POTA
83	-1.665511329	0.929042021	P_Llop_27	2016	0.346836125	POTA
85	3.662285501	0.940915183	P_Llop_27	2017	3.556994046	POTA
87	-1.155026531	0.944090936	P_Llop_28	2015	-0.081610224	POTA
89	-0.996276083	0.957530669	P_Llop_28	2016	0.346836125	POTA
91	3.094536822	0.521823019	P_Llop_28	2017	3.556994046	POTA
93	-1.665511329	0.929042021	P_Llop_29	2015	-0.081610224	POTA
94	1.810432506	0.00984807	P_Llop_29	2016	0.346836125	POTA
96	3.01567558	0.423885203	P_Llop_29	2017	3.556994046	POTA
98	-0.886812087	0.958090138	P_Llop_3	2015	-0.081610224	POTA
100	0.808382797	0.466254184	P_Llop_3	2016	0.346836125	POTA
102	4.004001435	0.872061083	P_Llop_3	2017	3.556994046	POTA
104	-1.116607913	0.947013922	P_Llop_30	2015	-0.081610224	POTA
106	-0.212170925	0.979495573	P_Llop_30	2016	0.346836125	POTA
108	2.145198557	0.021943456	P_Llop_30	2017	3.556994046	POTA
110	0.361200281	0.977148991	P_Llop_4	2015	-0.081610224	POTA
112	-0.286735668	0.975085897	P_Llop_4	2016	0.346836125	POTA
113	3.446920891	0.941266689	P_Llop_4	2017	3.556994046	POTA
115	3.399739751	0.890646711	P_Llop_5	2015	-0.081610224	POTA
117	3.874872139	0.875089609	P_Llop_5	2016	0.346836125	POTA
119	2.543602903	0.28109049	P_Llop_5	2017	3.556994046	POTA
121	0.834193896	0.929135774	P_Llop_6	2015	-0.081610224	POTA
123	1.634784189	0.066181323	P_Llop_6	2016	0.346836125	POTA
124	4.388421023	0.646339113	P_Llop_6	2017	3.556994046	POTA
126	1.725105978	0.324327312	P_Llop_7	2015	-0.081610224	POTA
128	1.721095552	0.022892917	P_Llop_7	2016	0.346836125	POTA
130	3.662285501	0.940915183	P_Llop_7	2017	3.556994046	POTA
132	0.842202131	0.584963727	P_Llop_8	2015	-0.081610224	POTA
134	2.522204985	0.219586379	P_Llop_8	2016	0.346836125	POTA
136	3.094536822	0.521823019	P_Llop_8	2017	3.556994046	POTA
138	-0.380811642	0.972575507	P_Llop_9	2015	-0.081610224	POTA
140	1.163604437	0.188858491	P_Llop_9	2016	0.346836125	POTA
142	3.01567558	0.423885203	P_Llop_9	2017	3.556994046	POTA
144	0.423390857	0.922517498	Tascons_1	2015	-0.081610224	TASCONS
146	3.107990989	0.813485434	Tascons_1	2016	0.346836125	TASCONS
148	3.478831925	0.737795987	Tascons_1	2017	3.556994046	TASCONS
150	-0.92454777	0.949381184	Tascons_10	2015	-0.081610224	TASCONS
152	-1.636799842	0.93019486	Tascons_10	2016	0.346836125	TASCONS
154	2.470628617	0.148737313	Tascons_10	2017	3.556994046	TASCONS
156	-0.284287518	0.979469642	Tascons_11	2015	-0.081610224	TASCONS
158	-1.055345984	0.954859425	Tascons_11	2016	0.346836125	TASCONS
160	3.994895541	0.902867699	Tascons_11	2017	3.556994046	TASCONS
162	-1.227786067	0.945408334	Tascons_12	2015	-0.081610224	TASCONS
163	0.648716419	0.868885704	Tascons_12	2016	0.346836125	TASCONS
165	3.203381211	0.726302519	Tascons_12	2017	3.556994046	TASCONS
167	1.619148498	0.451217949	Tascons_13	2015	-0.081610224	TASCONS
169	0.767984368	0.58270594	Tascons_13	2016	0.346836125	TASCONS
171	4.278197192	0.768347043	Tascons_13	2017	3.556994046	TASCONS
173	2.861403702	0.723795316	Tascons_14	2015	-0.081610224	TASCONS
175	3.537333407	0.937863467	Tascons_14	2016	0.346836125	TASCONS
177	3.711064628	0.808240368	Tascons_14	2017	3.556994046	TASCONS
179	-0.872348833	0.952018722	Tascons_15	2015	-0.081610224	TASCONS
180	2.708766877	0.473578358	Tascons_15	2016	0.346836125	TASCONS
182	4.6112064	0.524577725	Tascons_15	2017	3.556994046	TASCONS
184	-0.711400547	0.962514469	Tascons_16	2015	-0.081610224	TASCONS
186	0.037784654	0.897208733	Tascons_16	2016	0.346836125	TASCONS
188	3.766712497	0.797964624	Tascons_16	2017	3.556994046	TASCONS
190	-1.33973962	0.941217201	Tascons_17	2015	-0.081610224	TASCONS
191	-0.652116955	0.96648972	Tascons_17	2016	0.346836125	TASCONS
193	3.680970654	0.881437294	Tascons_17	2017	3.556994046	TASCONS
195	-1.665511329	0.929042021	Tascons_18	2015	-0.081610224	TASCONS
196	-1.665511329	0.929042021	Tascons_18	2016	0.346836125	TASCONS
198	3.851238025	0.850798547	Tascons_18	2017	3.556994046	TASCONS
200	-1.665511329	0.929042021	Tascons_19	2015	-0.081610224	TASCONS
202	-1.665511329	0.929042021	Tascons_19	2016	0.346836125	TASCONS
204	4.06511231	0.845138135	Tascons_19	2017	3.556994046	TASCONS
206	0.738203625	0.534443909	Tascons_2	2015	-0.081610224	TASCONS
208	-1.636799842	0.93019486	Tascons_2	2016	0.346836125	TASCONS
210	3.242354532	0.718693759	Tascons_2	2017	3.556994046	TASCONS
212	-1.636799842	0.93019486	Tascons_20	2015	-0.081610224	TASCONS
214	1.164856455	0.298072921	Tascons_20	2016	0.346836125	TASCONS
216	4.266892362	0.696684563	Tascons_20	2017	3.556994046	TASCONS
218	-0.159246434	0.972261741	Tascons_21	2015	-0.081610224	TASCONS
220	0.609780358	0.883591095	Tascons_21	2016	0.346836125	TASCONS
222	2.884973492	0.338969535	Tascons_21	2017	3.556994046	TASCONS
224	1.546033794	0.107279167	Tascons_22	2015	-0.081610224	TASCONS
226	-0.018611924	0.852582046	Tascons_22	2016	0.346836125	TASCONS
228	3.413973442	0.702138683	Tascons_22	2017	3.556994046	TASCONS
230	-0.304218722	0.956734528	Tascons_23	2015	-0.081610224	TASCONS
232	1.113231313	0.285497128	Tascons_23	2016	0.346836125	TASCONS
234	3.689587167	0.904504382	Tascons_23	2017	3.556994046	TASCONS
236	-1.348929046	0.930710395	Tascons_24	2015	-0.081610224	TASCONS
238	-1.665511329	0.929042021	Tascons_24	2016	0.346836125	TASCONS
240	3.519003025	0.790062841	Tascons_24	2017	3.556994046	TASCONS
242	-0.158228721	0.982138398	Tascons_25	2015	-0.081610224	TASCONS
244	0.107080922	0.902446144	Tascons_25	2016	0.346836125	TASCONS
246	3.285798116	0.798778492	Tascons_25	2017	3.556994046	TASCONS
248	0.286648389	0.780684738	Tascons_26	2015	-0.081610224	TASCONS
250	1.424292797	0.119012324	Tascons_26	2016	0.346836125	TASCONS
252	2.74396289	0.257477978	Tascons_26	2017	3.556994046	TASCONS
254	-0.068310866	0.892609428	Tascons_27	2015	-0.081610224	TASCONS
256	2.271287477	0.063026356	Tascons_27	2016	0.346836125	TASCONS
258	3.333224449	0.789861227	Tascons_27	2017	3.556994046	TASCONS
260	1.115506864	0.272437723	Tascons_28	2015	-0.081610224	TASCONS
262	-0.887833848	0.961858776	Tascons_28	2016	0.346836125	TASCONS
264	4.192160177	0.764972882	Tascons_28	2017	3.556994046	TASCONS
266	-0.613173453	0.971301435	Tascons_29	2015	-0.081610224	TASCONS
268	-1.205658819	0.93722198	Tascons_29	2016	0.346836125	TASCONS
270	3.022743109	0.471769716	Tascons_29	2017	3.556994046	TASCONS
272	1.997331775	0.004634498	Tascons_3	2015	-0.081610224	TASCONS
274	0.917495979	0.822332771	Tascons_3	2016	0.346836125	TASCONS
276	3.392515593	0.807730412	Tascons_3	2017	3.556994046	TASCONS
278	-0.59817927	0.925499166	Tascons_30	2015	-0.081610224	TASCONS
280	-1.338708647	0.94155011	Tascons_30	2016	0.346836125	TASCONS
282	3.281414514	0.670334734	Tascons_30	2017	3.556994046	TASCONS
284	-0.82318805	0.956039412	Tascons_4	2015	-0.081610224	TASCONS
286	-0.941726872	0.957989723	Tascons_4	2016	0.346836125	TASCONS
288	3.141560131	0.592093806	Tascons_4	2017	3.556994046	TASCONS
290	3.232494179	0.71195348	Tascons_5	2015	-0.081610224	TASCONS
292	0.230457449	0.98012073	Tascons_5	2016	0.346836125	TASCONS
294	3.953942422	0.734325856	Tascons_5	2017	3.556994046	TASCONS
296	-0.577987425	0.968036413	Tascons_6	2015	-0.081610224	TASCONS
297	-0.887833848	0.961858776	Tascons_6	2016	0.346836125	TASCONS
299	3.486258575	0.700475613	Tascons_6	2017	3.556994046	TASCONS
301	2.659309317	0.377836134	Tascons_7	2015	-0.081610224	TASCONS
303	2.631655205	0.509743117	Tascons_7	2016	0.346836125	TASCONS
305	3.235827641	0.63741987	Tascons_7	2017	3.556994046	TASCONS
307	2.697902076	0.375825367	Tascons_9	2015	-0.081610224	TASCONS
309	2.084261576	0.031464048	Tascons_9	2016	0.346836125	TASCONS
311	3.738484625	0.837364636	Tascons_9	2017	3.556994046	TASCONS
319	-1.536049965	0.934295235	Vaca_1	2015	-0.081610224	VACA
321	-0.838290357	0.964299902	Vaca_1	2016	0.346836125	VACA
323	3.533691636	0.879454872	Vaca_1	2017	3.556994046	VACA
325	-0.973243268	0.953970958	Vaca_10	2015	-0.081610224	VACA
327	0.296161674	0.888497383	Vaca_10	2016	0.346836125	VACA
329	3.319434273	0.648139028	Vaca_10	2017	3.556994046	VACA
331	-0.533955406	0.975284641	Vaca_11	2015	-0.081610224	VACA
333	-0.272119043	0.974407544	Vaca_11	2016	0.346836125	VACA
335	4.443154237	0.658923137	Vaca_11	2017	3.556994046	VACA
337	-1.103868718	0.948139273	Vaca_12	2015	-0.081610224	VACA
339	-1.665511329	0.929042021	Vaca_12	2016	0.346836125	VACA
341	4.043895334	0.876047963	Vaca_12	2017	3.556994046	VACA
343	-1.513540753	0.93518852	Vaca_13	2015	-0.081610224	VACA
345	1.716389113	0.098121049	Vaca_13	2016	0.346836125	VACA
347	2.9115358	0.394087869	Vaca_13	2017	3.556994046	VACA
349	-1.470214553	0.936599611	Vaca_15	2015	-0.081610224	VACA
351	-1.665511329	0.929042021	Vaca_15	2016	0.346836125	VACA
353	3.481946619	0.751602363	Vaca_15	2017	3.556994046	VACA
355	-1.42976883	0.937085719	Vaca_16	2015	-0.081610224	VACA
357	-0.53461449	0.977612441	Vaca_16	2016	0.346836125	VACA
359	3.695225878	0.837832938	Vaca_16	2017	3.556994046	VACA
361	-0.61956372	0.929568904	Vaca_17	2015	-0.081610224	VACA
363	0.350071524	0.975564824	Vaca_17	2016	0.346836125	VACA
365	3.632917334	0.852473148	Vaca_17	2017	3.556994046	VACA
367	-1.536049965	0.934295235	Vaca_18	2015	-0.081610224	VACA
369	-0.72271144	0.952642915	Vaca_18	2016	0.346836125	VACA
371	3.773880479	0.915939779	Vaca_18	2017	3.556994046	VACA
373	2.176470056	0.040861294	Vaca_2	2015	-0.081610224	VACA
375	-0.612440198	0.973457678	Vaca_2	2016	0.346836125	VACA
377	3.964478944	0.892683053	Vaca_2	2017	3.556994046	VACA
379	1.154010154	0.294261819	Vaca_21	2015	-0.081610224	VACA
381	1.120635223	0.295011278	Vaca_21	2016	0.346836125	VACA
383	4.062188792	0.831196873	Vaca_21	2017	3.556994046	VACA
385	3.277254453	0.834761527	Vaca_22	2015	-0.081610224	VACA
387	2.880829051	0.37308973	Vaca_22	2016	0.346836125	VACA
389	4.657717124	0.478521516	Vaca_22	2017	3.556994046	VACA
391	-1.665511329	0.929042021	Vaca_23	2015	-0.081610224	VACA
393	1.628123085	0.036332203	Vaca_23	2016	0.346836125	VACA
394	3.085449244	0.535618602	Vaca_23	2017	3.556994046	VACA
396	-1.536049965	0.934295235	Vaca_24	2015	-0.081610224	VACA
398	1.615587151	0.048481186	Vaca_24	2016	0.346836125	VACA
399	3.058509531	0.468584959	Vaca_24	2017	3.556994046	VACA
401	1.946816801	0.000198235	Vaca_25	2015	-0.081610224	VACA
403	2.728480476	0.31085983	Vaca_25	2016	0.346836125	VACA
405	4.657717124	0.478521516	Vaca_25	2017	3.556994046	VACA
407	0.155946824	0.986635329	Vaca_26	2015	-0.081610224	VACA
409	-0.314979297	0.981947152	Vaca_26	2016	0.346836125	VACA
411	4.072818986	0.821895831	Vaca_26	2017	3.556994046	VACA
413	-1.42976883	0.937085719	Vaca_3	2015	-0.081610224	VACA
415	-0.75551882	0.955340129	Vaca_3	2016	0.346836125	VACA
417	3.501142092	0.814232716	Vaca_3	2017	3.556994046	VACA
419	-1.431131436	0.938210781	Vaca_5	2015	-0.081610224	VACA
421	-0.090740935	0.984096265	Vaca_5	2016	0.346836125	VACA
423	3.131081618	0.583832297	Vaca_5	2017	3.556994046	VACA
425	-1.513540753	0.93518852	Vaca_8	2015	-0.081610224	VACA
427	-0.940652256	0.960464015	Vaca_8	2016	0.346836125	VACA
429	3.967659953	0.904547499	Vaca_8	2017	3.556994046	VACA
